0013464999
9104056827
9249826246
7423101852
7423101852
9400758548
3345473997
7180593586
6206552398
1353641041
1 lap
1298252428
3514448178
0013464999
3345473997
2436612754
0293869503
1353641041
3180340313
2525630008
6877835255
0626145255
3594880640
8254510094
6577896827
5849009699
3562073753
9400758548
3145512693
1401182090
0279782567
5002546227
5789838985
7423101852
4342689070
3274253982
9127015689
0646700740
4209328662
5056195876
7180593586
3456167545
8301619037
5139163697
2 lap
3675413539
9453612001
1298252428
2366972952
3514448178
0620694116
9583820440
0013464999
3673236389
5049901737
2436612754
2135045691
3345473997
2835947664
9101875755
0293869503
6232613804
1353641041
3180340313
2525630008
6877835255
0626145255
3594880640
8254510094
6577896827
4653202881
4679097938
5849009699
3562073753
9400758548
7428176845
2886115172
3145512693
1401182090
2830697901
0279782567
5002546227
6097171665
5789838985
2975929678
0722014510
7423101852
5405854192
9104056827
4342689070
3274253982
9127015689
5056195876
3588835582
4209328662
0646700740
7180593586
3277590211
3456167545
6206552398
7249382981
8301619037
5139163697
5300298456
9249826246
3 lap
3675413539
9453612001
1298252428
2366972952
3514448178
0620694116
9583820440
3673236389
0013464999
5049901737
2436612754
2135045691
3345473997
2835947664
9101875755
6232613804
0293869503
1353641041
3180340313
2525630008
6877835255
0626145255
3594880640
8254510094
6577896827
4653202881
4679097938
5849009699
3562073753
9400758548
7428176845
2886115172
3145512693
1401182090
2830697901
0279782567
5789838985
6097171665
5002546227
0722014510
2975929678
7423101852
5405854192
9104056827
4342689070
3274253982
9127015689
5056195876
4209328662
3588835582
0646700740
7180593586
3277590211
3456167545
6206552398
7249382981
8301619037
5139163697
5300298456
9249826246
4 lap
3675413539
9453612001
1298252428
2366972952
3514448178
0620694116
9583820440
3673236389
0013464999
5049901737
2436612754
2135045691
3345473997
2835947664
9101875755
6232613804
0293869503
1353641041
3180340313
2525630008
6877835255
0626145255
3594880640
8254510094
6577896827
4653202881
4679097938
5849009699
3562073753
9400758548
7428176845
2886115172
3145512693
1401182090
2830697901
0279782567
5789838985
6097171665
5002546227
0722014510
2975929678
7423101852
5405854192
9104056827
4342689070
3274253982
9127015689
5056195876
4209328662
3588835582
0646700740
7180593586
3277590211
3456167545
6206552398
7249382981
8301619037
5139163697
5300298456
9249826246
5 lap
3675413539
9453612001
1298252428
2366972952
3514448178
0620694116
9583820440
3673236389
0013464999
5049901737
2436612754
2135045691
3345473997
2835947664
9101875755
6232613804
0293869503
1353641041
3180340313
2525630008
6877835255
0626145255
3594880640
8254510094
6577896827
4653202881
4679097938
5849009699
3562073753
9400758548
7428176845
2886115172
3145512693
1401182090
2830697901
0279782567
5789838985
6097171665
5002546227
0722014510
2975929678
7423101852
5405854192
9104056827
4342689070
3274253982
9127015689
5056195876
4209328662
3588835582
0646700740
7180593586
3277590211
3456167545
6206552398
7249382981
8301619037
5139163697
5300298456
9249826246
